09623 
01109 
01731 
04509 
01774 
04329 
12279 
09392 
01324 
04316 
20539 
02977 
04860 
04157 
04105 
08064 
01139 
08056 
01445 
04207 
01257 
08062 
13187 
01458 
01169 
09380 
04317 
01847 
01127 
09113 
08060 
04328 
09126 
09394 
02627 
04651 
12307 
09119 
17489 
04299 
01157 
09122 
20251 
28195 
04155 
04275 
20146 
04318 
02625 
04109 
01277 
09117 
09120 
09123 
01099 
01239 
01159 
01259 
04205 
20259 
04178 
08340 
08209 
08468 
20357 
20457 
01217 
01187 
02999 
01326 
04279 
09114 
04179 
20149 
04103 
01279 
04129 
01108 
04158 
01189 
13437 
01987 
20535 
20537 
28199 
20144 
04249 
04177 
01237 
04356 
04229 
09131 
01454 
09111 
09127 
20257 
01069 
01156 
01219 
04319 
04347 
14109 
28197 
04357 
04209 
01809 
12309 
04931 
08058 
04277 
09130 
02997 
01129 
04289 
04159 
04315 
20148 
20249 
13189 
09125 
20253 
09112 
20255 
09116 
04758 
28199
08066